   10    1    0   14    2    4    1    1 SHELL03000000 INTER8
    0                         80998080            8065.47800     0000000
    1     2 1 12 1 10         00      9 00000000 0 8065.4790 .00       1
P 5  D 9
P 6  D 8
Ni2+ 2P05 3D09     6    0.0000   11.3921    0.1012    7.7213    5.7874HR99999999
    3.2914
Ni2+ 2P06 3D08     4    0.0000   12.2341    7.5981    0.0824    0.0000HR99999999
Ni2+ 2P05 3D09      Ni2+ 2P06 3D08         0.18503( 3D//R1// 2P) 1.000HR  36-100
                    -99999999.
   -1
